00005756.jpg 2394.102330 2394.102519 294 248 00005935.jpg 2394.329001 2394.329211 374 254 11228 276 140 196 228
00005757.jpg 2394.408943 2394.409210 298 244 00005936.jpg 2394.409692 2394.409901 376 248 12592 280 134 192 228
00005758.jpg 2402.440835 2402.440943 236 330 00005937.jpg 2402.441915 2402.441901 336 336 1496 252 274 168 124
00005759.jpg 2402.706120 2402.706090 236 330 00005938.jpg 2402.706463 2402.706754 338 336 3100 244 252 188 168
00005760.jpg 2402.767491 2402.767701 238 326 00005939.jpg 2402.768299 2402.768493 336 332 4680 244 246 184 172
00005761.jpg 2402.853332 2402.853543 234 330 00005940.jpg 2402.854167 2402.854421 334 336 2396 258 264 152 144
00005762.jpg 2402.911758 2402.911906 234 330 00005941.jpg 2402.912625 2402.912839 338 336 1936 272 264 132 144
00005763.jpg 2402.961604 2402.961754 234 330 00005942.jpg 2402.962563 2402.962752 336 336 1892 270 270 132 132
00005764.jpg 2403.036421 2403.036655 238 324 00005943.jpg 2403.037197 2403.037413 340 336 4956 250 254 180 164
00005765.jpg 2403.390619 2403.390807 316 282 00005944.jpg 2403.391318 2403.391551 352 286 10128 210 196 284 180
00005766.jpg 2403.443560 2403.443721 268 252 00005945.jpg 2403.444544 2403.444716 364 258 10132 222 172 284 172
00005767.jpg 2403.742360 2403.742454 318 218 00005946.jpg 2403.743534 2403.743658 408 226 9532 268 142 280 168
00005768.jpg 2403.801049 2403.801256 296 226 00005947.jpg 2403.801932 2403.802099 396 230 8468 254 154 284 152
00005769.jpg 2403.891369 2403.891580 296 220 00005948.jpg 2403.892294 2403.892466 426 224 1920 336 168 180 112
00005770.jpg 2403.996480 2403.996682 326 208 00005949.jpg 2403.997342 2403.997544 434 210 4384 296 132 276 156
00005771.jpg 2404.058647 2404.058836 302 208 00005950.jpg 2404.059466 2404.059674 406 212 2396 304 142 204 140
00005772.jpg 2404.188208 2404.188437 272 210 00005951.jpg 2404.189196 2404.189349 380 214 2328 284 158 192 112
00005773.jpg 2404.283790 2404.283957 280 208 00005952.jpg 2404.284634 2404.284833 380 212 4880 232 152 296 120
00005774.jpg 2404.560038 2404.560280 340 210 00005953.jpg 2404.560919 2404.561056 436 198 2052 338 144 196 108
00005775.jpg 2404.631362 2404.631550 308 178 00005954.jpg 2404.632210 2404.632399 434 180 2720 346 120 176 120
00005776.jpg 2404.728167 2404.728370 352 196 00005955.jpg 2404.729136 2404.729321 452 198 3512 360 134 184 128
00005777.jpg 2404.964774 2404.964918 328 206 00005956.jpg 2404.965480 2404.965687 394 228 1748 330 160 128 136
00005778.jpg 2405.057277 2405.057413 230 252 00005957.jpg 2405.058139 2405.058353 320 258 9844 208 156 224 204
00005779.jpg 2405.290449 2405.290640 226 242 00005958.jpg 2405.291240 2405.291420 316 248 9360 184 146 264 204
00005780.jpg 2405.378029 2405.378216 210 250 00005959.jpg 2405.378955 2405.379122 308 256 7484 192 164 232 184
00005781.jpg 2405.475343 2405.475531 208 260 00005960.jpg 2405.476236 2405.476396 308 264 18412 170 156 276 216
00005782.jpg 2405.537411 2405.537590 206 270 00005961.jpg 2405.538332 2405.538563 300 276 16540 170 168 260 216
00005783.jpg 2405.628073 2405.628286 206 274 00005962.jpg 2405.628972 2405.629185 300 280 18412 166 172 268 216
00005784.jpg 2405.677938 2405.678140 210 280 00005963.jpg 2405.678854 2405.679056 300 286 16300 168 182 264 208
00005785.jpg 2405.776794 2405.776977 194 282 00005964.jpg 2405.777616 2405.777851 288 288 8404 196 182 184 212
00005786.jpg 2405.827959 2405.828127 196 286 00005965.jpg 2405.828786 2405.829034 288 292 13896 164 194 248 196
00005787.jpg 2405.880358 2405.880527 196 282 00005966.jpg 2405.881228 2405.881399 288 288 9860 160 204 256 168
00005788.jpg 2406.117746 2406.117921 204 290 00005967.jpg 2406.118585 2406.118813 296 296 2988 218 226 156 140
00005789.jpg 2406.412964 2406.413122 256 280 00005968.jpg 2406.413667 2406.413884 370 276 7544 238 202 264 148
00005790.jpg 2406.467120 2406.467346 274 254 00005969.jpg 2406.467887 2406.468055 370 260 9384 238 184 264 152
00005791.jpg 2406.699228 2406.699464 328 264 00005970.jpg 2406.786969 2406.787138 422 274 5576 328 188 188 172
00005792.jpg 2406.749770 2406.749971 326 270 00005970.jpg 2406.786969 2406.787138 422 274 5576 328 188 188 172
00005793.jpg 2407.160943 2407.161141 322 224 00005973.jpg 2407.161776 2407.161980 410 228 12736 284 134 252 188
00005794.jpg 2407.208483 2407.208657 324 220 00005974.jpg 2407.209163 2407.209396 410 224 12860 286 130 248 188
00005795.jpg 2407.267685 2407.268095 318 212 00005975.jpg 2407.268218 2407.268731 404 216 9712 282 138 244 156
00005796.jpg 2407.518773 2407.518977 312 198 00005976.jpg 2407.519449 2407.519671 392 202 11592 268 112 248 180
00005797.jpg 2407.573217 2407.573433 312 196 00005977.jpg 2407.574047 2407.574283 392 200 9624 270 116 244 168
00005798.jpg 2407.707502 2407.707667 310 192 00005978.jpg 2407.708510 2407.708583 388 196 10456 272 106 232 180
00005799.jpg 2407.794332 2407.794489 306 190 00005979.jpg 2407.795290 2407.795459 382 194 11648 268 104 228 180
00005800.jpg 2407.851158 2407.851321 306 186 00005980.jpg 2407.852034 2407.852283 380 190 11216 268 102 224 176
00005801.jpg 2407.936791 2407.936964 304 186 00005981.jpg 2407.937701 2407.937933 378 190 11192 266 102 224 176
00005802.jpg 2408.136025 2408.136203 312 190 00005982.jpg 2408.136894 2408.137102 382 194 6092 278 110 208 168
00005803.jpg 2408.424898 2408.425168 312 220 00005983.jpg 2408.425585 2408.425848 382 224 3800 282 162 200 124
00005804.jpg 2408.480123 2408.480323 312 224 00005984.jpg 2408.480967 2408.481197 382 228 3292 282 162 200 132
00005805.jpg 2408.557957 2408.558135 312 224 00005985.jpg 2408.558513 2408.558776 378 228 6064 274 148 208 160
00005806.jpg 2408.798735 2408.798909 310 214 00005986.jpg 2408.799556 2408.799775 374 218 5740 274 144 200 148
00005807.jpg 2409.145845 2409.146017 316 216 00005987.jpg 2409.146604 2409.146885 384 220 3448 290 152 188 136
00005808.jpg 2409.222945 2409.223111 318 220 00005988.jpg 2409.223796 2409.224000 384 224 3492 288 158 192 132
00005809.jpg 2409.440323 2409.440470 320 222 00005989.jpg 2409.441198 2409.441361 386 226 3296 292 156 188 140
00005810.jpg 2409.780301 2409.780507 338 224 00005990.jpg 2409.781043 2409.781313 406 228 1540 326 168 160 120
00005811.jpg 2409.835568 2409.835788 338 224 00005991.jpg 2409.836252 2409.836484 408 228 3012 316 166 184 124
00005812.jpg 2410.149956 2410.150143 288 212 00005992.jpg 2410.150654 2410.150864 354 216 3048 274 136 160 160
00005813.jpg 2410.214975 2410.215176 286 238 00005993.jpg 2410.215816 2410.216014 352 242 9128 248 156 208 172
00005814.jpg 2410.273596 2410.273812 336 268 00005994.jpg 2410.274435 2410.274628 408 272 9024 302 188 212 168
00005815.jpg 2410.364353 2410.364596 336 274 00005995.jpg 2410.365227 2410.365448 406 278 8824 296 194 220 168
00005816.jpg 2410.602364 2410.602574 318 306 00005996.jpg 2410.602898 2410.603253 394 310 1808 314 250 160 120
00005817.jpg 2410.751540 2410.751750 310 304 00005998.jpg 2410.752447 2410.752624 392 308 5228 286 230 212 156
00005818.jpg 2411.001297 2411.001428 298 306 00005999.jpg 2411.002418 2411.002607 376 312 5136 270 236 212 152
00005819.jpg 2411.061627 2411.061865 278 306 00006000.jpg 2411.062529 2411.062701 342 308 1848 280 240 124 136
00005820.jpg 2411.272515 2411.272689 232 282 00006003.jpg 2411.273302 2411.273551 322 292 9028 204 206 236 172
00005821.jpg 2411.596290 2411.596469 174 292 00006004.jpg 2411.597117 2411.597310 290 300 1532 212 246 156 108
00005822.jpg 2411.669674 2411.669885 194 290 00006005.jpg 2411.670448 2411.670720 288 296 4760 178 222 220 148
00005823.jpg 2411.730370 2411.730636 194 286 00006006.jpg 2411.730932 2411.731249 286 292 5932 166 220 240 144
00005824.jpg 2411.798956 2411.799104 190 276 00006007.jpg 2411.799700 2411.799914 280 282 2980 180 216 200 132
00005825.jpg 2411.854222 2411.854404 176 270 00006008.jpg 2411.855082 2411.855297 266 276 2816 162 214 208 124
00005826.jpg 2411.909185 2411.909331 158 270 00006009.jpg 2411.910005 2411.910274 248 276 3272 142 214 212 124
00005827.jpg 2411.999697 2411.999888 156 266 00006010.jpg 2412.000609 2412.000843 248 272 2548 128 214 240 116
00005828.jpg 2412.059653 2412.059855 152 264 00006011.jpg 2412.060607 2412.060810 246 270 2196 156 212 180 116
00005829.jpg 2412.136147 2412.136318 170 258 00006012.jpg 2412.137093 2412.137301 262 262 2204 158 206 208 112
00005830.jpg 2412.195182 2412.195410 176 252 00006013.jpg 2412.196102 2412.196321 270 258 2632 156 202 228 112
00005831.jpg 2412.247175 2412.247292 160 254 00006014.jpg 2412.248053 2412.248232 256 260 2168 164 202 184 116
00005832.jpg 2412.339043 2412.339351 162 254 00006015.jpg 2412.339973 2412.340118 254 260 2600 148 204 212 112
00005833.jpg 2412.427484 2412.427664 168 252 00006016.jpg 2412.428462 2412.428647 264 258 2088 170 202 188 112
00005834.jpg 2412.523940 2412.524124 188 252 00006017.jpg 2412.524906 2412.525096 286 258 2476 174 202 224 112
00005835.jpg 2412.586355 2412.586525 228 248 00006018.jpg 2412.587274 2412.587472 318 254 3760 208 192 220 124
00005836.jpg 2412.676845 2412.677013 252 246 00006019.jpg 2412.677763 2412.677954 350 252 1224 274 200 152 104
00005837.jpg 2412.742377 2412.742650 246 248 00006020.jpg 2412.743286 2412.743499 346 254 6200 208 178 276 152
00005838.jpg 2412.837940 2412.838125 258 248 00006021.jpg 2412.838811 2412.839032 348 254 7088 214 178 268 152
00005839.jpg 2412.921393 2412.921582 262 242 00006022.jpg 2412.922364 2412.922597 364 248 3368 264 186 200 124
00005840.jpg 2412.978673 2412.978764 290 238 00006023.jpg 2412.979921 2412.980051 352 242 2168 238 168 228 148
00005841.jpg 2413.240407 2413.240682 242 214 00006024.jpg 2413.241128 2413.241361 358 248 1924 262 160 152 128
00005842.jpg 2413.524044 2413.524143 242 172 00006025.jpg 2413.525189 2413.525307 350 174 6744 234 32 232 284
00005843.jpg 2413.651973 2413.652084 212 184 00006026.jpg 2413.653054 2413.653231 332 186 6844 252 54 160 264
00005844.jpg 2413.706477 2413.706596 210 190 00006027.jpg 2413.707711 2413.707825 330 194 6972 248 42 164 304
00005845.jpg 2414.019115 2414.019461 196 184 00006028.jpg 2414.019932 2414.020141 316 186 5164 248 42 136 288
00005846.jpg 2414.090894 2414.091052 196 192 00006029.jpg 2414.091574 2414.091776 316 196 3952 254 64 124 264
00005847.jpg 2414.338135 2414.338393 200 228 00006030.jpg 2414.338740 2414.338990 350 244 4480 268 150 164 188
00005848.jpg 2414.395577 2414.395810 216 218 00006031.jpg 2414.396458 2414.396672 334 222 4236 260 116 148 212
00005849.jpg 2414.451886 2414.452047 200 194 00006032.jpg 2414.452641 2414.452900 320 198 3920 248 98 144 200
00005850.jpg 2414.539885 2414.540157 200 196 00006032.jpg 2414.452641 2414.452900 320 198 3920 248 98 144 200
00005851.jpg 2414.777992 2414.778215 208 198 00006033.jpg 2414.825284 2414.825506 320 202 4012 246 98 148 208
00005852.jpg 2415.025929 2415.026097 252 226 00006035.jpg 2415.026763 2415.026916 384 236 7636 270 152 228 168
00005853.jpg 2415.091671 2415.091849 248 218 00006036.jpg 2415.092467 2415.092683 360 222 2748 284 124 152 196
00005854.jpg 2415.176740 2415.177093 226 228 00006037.jpg 2415.177534 2415.177729 348 234 8116 274 66 148 336
00005855.jpg 2415.237271 2415.237407 216 244 00006038.jpg 2415.238026 2415.238343 344 250 9624 270 84 148 332
00005856.jpg 2415.576203 2415.576356 246 232 00006039.jpg 2415.577000 2415.577196 372 236 9848 302 68 140 336
00005857.jpg 2415.637396 2415.637515 260 240 00006040.jpg 2415.638128 2415.638364 384 246 12256 312 76 144 340
00005858.jpg 2415.694257 2415.694400 260 262 00006041.jpg 2415.695057 2415.695296 386 268 10712 318 102 136 332
00005859.jpg 2416.032531 2416.032762 266 258 00006042.jpg 2416.033245 2416.033482 416 268 9200 348 104 136 328
00005860.jpg 2416.188219 2416.188403 346 268 00006044.jpg 2416.189054 2416.189292 468 274 10172 398 114 140 320
00005861.jpg 2416.278503 2416.278652 352 254 00006045.jpg 2416.279309 2416.279534 474 258 9536 398 100 152 316
00005862.jpg 2416.333549 2416.333719 352 242 00006046.jpg 2416.334445 2416.334643 474 246 7192 400 120 148 252
00005863.jpg 2416.389244 2416.389378 352 238 00006047.jpg 2416.390123 2416.390324 474 242 5560 404 120 140 244
00005864.jpg 2416.445633 2416.445848 358 224 00006048.jpg 2416.446431 2416.446652 478 228 3888 394 118 168 220
00005865.jpg 2416.538298 2416.538496 368 216 00006049.jpg 2416.539159 2416.539370 486 218 6036 388 94 196 248
00005866.jpg 2416.592947 2416.593088 368 220 00006050.jpg 2416.593759 2416.593953 486 222 8748 406 88 160 268
00005867.jpg 2416.684653 2416.684851 370 228 00006051.jpg 2416.685513 2416.685690 484 232 14176 392 74 184 316
00005868.jpg 2416.981503 2416.981642 354 264 00006053.jpg 2416.982343 2416.982544 460 268 5340 370 168 180 200
00005869.jpg 2417.195374 2417.195535 300 258 00006057.jpg 2417.196168 2417.196360 398 262 16060 276 116 244 292
00005870.jpg 2417.248208 2417.248364 288 218 00006058.jpg 2417.248935 2417.249227 392 222 16344 270 90 244 264
00005871.jpg 2417.298463 2417.298671 288 216 00006059.jpg 2417.299339 2417.299514 384 220 17324 262 88 244 264
00005872.jpg 2417.362041 2417.362227 274 224 00006060.jpg 2417.362713 2417.362910 374 228 22608 246 88 256 280
00005873.jpg 2417.423966 2417.424147 258 226 00006061.jpg 2417.424897 2417.425127 362 230 15684 236 120 252 220
00005874.jpg 2417.494513 2417.494694 246 234 00006062.jpg 2417.495428 2417.495609 350 240 19720 224 114 252 252
00005875.jpg 2417.548578 2417.548732 234 238 00006063.jpg 2417.548857 2417.549128 340 244 23000 212 108 256 272
00005876.jpg 2417.590347 2417.590502 230 248 00006064.jpg 2417.591202 2417.591412 330 254 24492 202 114 256 280
00005877.jpg 2417.834049 2417.834234 196 234 00006065.jpg 2417.834883 2417.835085 298 240 19684 168 102 260 276
00005878.jpg 2417.912145 2417.912312 186 234 00006066.jpg 2417.913067 2417.913272 292 240 20424 164 112 256 256
00005879.jpg 2417.983005 2417.983190 188 218 00006067.jpg 2417.983620 2417.983840 294 222 13164 186 114 216 216
00005880.jpg 2418.061479 2418.061637 182 204 00006068.jpg 2418.062093 2418.062546 288 208 16116 166 78 244 260
00005881.jpg 2418.120658 2418.120824 174 178 00006069.jpg 2418.121542 2418.121729 282 182 2364 196 120 172 124
00005882.jpg 2418.365673 2418.365889 198 182 00006072.jpg 2418.366359 2418.366568 308 184 1520 224 132 168 104
00005883.jpg 2418.425670 2418.425890 210 170 00006073.jpg 2418.426429 2418.426630 322 172 2972 234 110 176 124
00005884.jpg 2418.481141 2418.481322 194 154 00006074.jpg 2418.481955 2418.482121 330 154 4124 230 86 200 136
00005885.jpg 2418.570960 2418.571130 218 156 00006075.jpg 2418.571584 2418.572006 328 158 3224 222 86 212 144
00005886.jpg 2418.627327 2418.627500 224 170 00006076.jpg 2418.628241 2418.628415 336 172 3808 232 108 208 128
00005887.jpg 2418.791885 2418.792052 270 178 00006076.jpg 2418.628241 2418.628415 336 172 3808 232 108 208 128
00005888.jpg 2419.318348 2419.318559 236 218 00006078.jpg 2419.318927 2419.319224 302 222 2324 232 156 140 132
00005889.jpg 2419.383123 2419.383300 186 254 00006079.jpg 2419.383860 2419.384021 244 260 4096 134 194 220 132
00005890.jpg 2419.477396 2419.477588 272 268 00006080.jpg 2419.478104 2419.478376 382 274 1568 302 216 160 116
00005891.jpg 2419.749140 2419.749277 282 308 00006081.jpg 2419.750323 2419.750441 416 314 3452 324 248 184 132
00005892.jpg 2419.821322 2419.821472 292 308 00006082.jpg 2419.822091 2419.822314 428 316 2328 352 252 152 128
00005893.jpg 2419.950480 2419.950668 312 314 00006083.jpg 2419.951311 2419.951587 430 320 4300 330 246 200 148
00005894.jpg 2420.017044 2420.017223 318 316 00006084.jpg 2420.018825 2420.018147 430 322 4184 338 244 184 156
00005895.jpg 2420.303149 2420.303403 314 320 00006087.jpg 2420.303793 2420.304149 464 336 4932 374 246 180 180
00005896.jpg 2420.543636 2420.543880 358 260 00006088.jpg 2420.544412 2420.544607 460 264 24908 314 106 292 316
00005897.jpg 2420.600242 2420.600448 368 240 00006089.jpg 2420.601054 2420.601306 472 244 26300 320 90 304 308
00005898.jpg 2420.691251 2420.691408 386 222 00006090.jpg 2420.692031 2420.692253 490 224 28792 340 78 298 292
00005899.jpg 2420.784881 2420.785037 364 212 00006091.jpg 2420.785666 2420.785835 468 214 19372 332 74 272 280
00005900.jpg 2420.842132 2420.842333 348 208 00006092.jpg 2420.842957 2420.843211 448 210 15812 314 76 268 268
00005901.jpg 2420.896120 2420.896305 338 204 00006093.jpg 2420.897056 2420.897255 432 206 9752 330 76 204 260
00005902.jpg 2420.946911 2420.946992 326 198 00006094.jpg 2420.948057 2420.948231 428 200 19548 296 64 264 272
00005903.jpg 2420.994244 2420.994327 326 194 00006095.jpg 2420.995500 2420.995601 428 196 20748 296 56 264 280
00005904.jpg 2421.047243 2421.047352 342 190 00006096.jpg 2421.048136 2421.048396 436 192 20320 300 54 272 276
00005905.jpg 2421.144751 2421.144867 340 188 00006097.jpg 2421.145787 2421.146038 434 190 17772 278 52 312 276
00005906.jpg 2421.194157 2421.194618 328 184 00006098.jpg 2421.195156 2421.195342 428 186 15436 286 60 284 252
00005907.jpg 2421.281646 2421.281871 314 186 00006099.jpg 2421.282156 2421.282404 416 188 12812 318 58 196 260
00005908.jpg 2421.346592 2421.346729 302 180 00006100.jpg 2421.347439 2421.347677 406 182 17912 276 42 260 280
00005909.jpg 2421.398735 2421.398986 288 178 00006101.jpg 2421.399670 2421.399902 398 178 18392 270 36 256 284
00005910.jpg 2421.446628 2421.446792 294 174 00006102.jpg 2421.447518 2421.447714 394 174 18424 266 32 256 284
00005911.jpg 2421.540881 2421.541083 282 174 00006103.jpg 2421.541737 2421.541982 384 176 15040 280 38 208 276
00005912.jpg 2421.607046 2421.607262 260 178 00006104.jpg 2421.608047 2421.608233 356 180 2348 284 102 144 156
00005913.jpg 2421.727187 2421.727398 264 196 00006105.jpg 2421.830132 2421.830333 356 214 17196 208 84 296 260
00005914.jpg 2421.782893 2421.783060 258 208 00006105.jpg 2421.830132 2421.830333 356 214 17196 208 84 296 260
00005915.jpg 2421.829151 2421.829335 270 218 00006105.jpg 2421.830132 2421.830333 356 214 17196 208 84 296 260
00005916.jpg 2421.879689 2421.879822 256 210 00006106.jpg 2421.880647 2421.880916 350 212 12596 250 84 200 256
00005917.jpg 2421.959381 2421.959564 246 210 00006107.jpg 2421.960344 2421.960614 348 214 8832 264 92 168 244
00005918.jpg 2422.011203 2422.011434 236 210 00006108.jpg 2422.012145 2422.012352 338 214 6304 252 112 172 204
00005919.jpg 2422.271394 2422.271541 246 218 00006109.jpg 2422.272326 2422.272552 352 222 2872 278 134 148 176
00005920.jpg 2422.358974 2422.359168 192 234 00006110.jpg 2422.359811 2422.360055 300 240 3988 218 154 164 172
00005921.jpg 2422.456468 2422.456706 186 226 00006111.jpg 2422.457453 2422.457636 300 232 3204 220 146 160 172
00005922.jpg 2422.566688 2422.566803 192 240 00006112.jpg 2422.567845 2422.568014 302 246 3380 222 158 160 176
00005923.jpg 2422.655467 2422.655698 192 250 00006113.jpg 2422.656053 2422.656260 304 256 3628 228 166 152 180
00005924.jpg 2422.842216 2422.842368 194 248 00006114.jpg 2422.842784 2422.843008 306 254 4936 218 154 176 200
00005925.jpg 2423.149186 2423.149366 208 278 00006115.jpg 2423.149844 2423.150073 308 258 3484 218 160 184 248
00005926.jpg 2423.213818 2423.214020 220 278 00006116.jpg 2423.214497 2423.214756 314 284 11584 206 158 216 252
00005927.jpg 2423.445926 2423.446058 222 276 00006117.jpg 2423.447129 2423.447221 318 282 11180 210 154 216 256
00005928.jpg 2423.504091 2423.504195 226 272 00006118.jpg 2423.505299 2423.505409 324 278 9692 234 150 180 256
00005929.jpg 2423.588178 2423.588402 306 198 00006119.jpg 2423.640279 2423.640431 394 202 8552 308 68 172 268
00005930.jpg 2423.639096 2423.639208 310 198 00006119.jpg 2423.640279 2423.640431 394 202 8552 308 68 172 268
00005931.jpg 2423.693162 2423.693242 310 228 00006120.jpg 2423.694371 2423.694495 402 232 1852 318 170 168 124
00005932.jpg 2423.951391 2423.951969 280 258 00006121.jpg 2423.952113 2423.952353 396 274 1656 320 208 152 132
00005933.jpg 2424.241374 2424.241539 320 234 00006122.jpg 2424.242094 2424.242329 416 238 21504 288 94 256 288
00005934.jpg 2424.302133 2424.302342 320 230 00006123.jpg 2424.302808 2424.303018 416 234 21220 292 88 248 292
00005935.jpg 2424.558927 2424.559041 312 224 00006124.jpg 2424.560094 2424.560203 410 224 18416 294 88 232 272
00005936.jpg 2424.626634 2424.626722 312 214 00006125.jpg 2424.627836 2424.627948 410 218 15120 304 94 212 248
00005937.jpg 2424.695201 2424.695416 312 210 00006126.jpg 2424.695946 2424.696177 412 214 13004 310 80 204 268
00005938.jpg 2424.955145 2424.955292 310 216 00006127.jpg 2424.955940 2424.956136 408 220 12600 310 98 196 244
00005939.jpg 2425.005067 2425.005214 304 216 00006128.jpg 2425.005903 2425.006155 404 220 9320 324 102 160 236
00005940.jpg 2425.258547 2425.258723 272 218 00006129.jpg 2425.259312 2425.259514 382 222 7516 304 108 156 228
00005941.jpg 2425.549509 2425.549658 270 218 00006130.jpg 2425.550295 2425.550489 378 220 8112 298 106 160 228
00005942.jpg 2425.660606 2425.660774 244 206 00006131.jpg 2425.661235 2425.661537 348 210 7432 270 90 156 240
00005943.jpg 2425.916137 2425.916288 230 232 00006132.jpg 2425.916804 2425.917085 332 232 4616 262 124 140 216
00005944.jpg 2426.039192 2426.039354 218 226 00006133.jpg 2426.040099 2426.040189 326 232 5064 256 124 140 216
00005945.jpg 2426.134860 2426.135104 218 226 00006134.jpg 2426.135755 2426.135929 326 232 5820 254 116 144 232
00005946.jpg 2426.443027 2426.443195 216 236 00006136.jpg 2426.443728 2426.443935 324 242 6340 248 128 152 228
00005947.jpg 2426.543711 2426.543889 218 236 00006137.jpg 2426.544488 2426.544691 328 242 7104 250 126 156 232
00005948.jpg 2426.598724 2426.598920 214 234 00006138.jpg 2426.599587 2426.599788 328 240 6352 252 126 152 228
00005949.jpg 2426.664573 2426.664777 222 234 00006139.jpg 2426.665418 2426.665599 332 240 7076 252 128 160 224
00005950.jpg 2426.932606 2426.932844 224 234 00006140.jpg 2426.933389 2426.933628 334 240 6348 260 128 148 224
00005951.jpg 2427.189693 2427.189868 242 244 00006141.jpg 2427.190204 2427.190454 346 250 5848 270 140 152 220
00005952.jpg 2427.267604 2427.267761 260 226 00006142.jpg 2427.268440 2427.268689 370 230 6312 294 118 152 224
00005953.jpg 2427.358588 2427.358818 268 230 00006143.jpg 2427.359427 2427.359644 378 234 7700 294 120 168 228
00005954.jpg 2427.644343 2427.644610 274 230 00006146.jpg 2427.645209 2427.645438 392 254 8004 298 154 188 200
00005955.jpg 2427.746529 2427.746665 294 256 00006147.jpg 2427.747355 2427.747559 402 260 8740 294 158 216 204
00005956.jpg 2427.809662 2427.809866 298 258 00006148.jpg 2427.810636 2427.810798 404 262 9264 292 166 224 192
00005957.jpg 2428.013379 2428.013545 302 268 00006149.jpg 2428.014244 2428.014435 408 272 9288 294 174 228 196
00005958.jpg 2428.107814 2428.107947 304 270 00006150.jpg 2428.108498 2428.108693 408 274 9384 294 176 228 196
00005959.jpg 2428.190905 2428.191078 306 270 00006151.jpg 2428.191701 2428.191987 410 274 8744 298 182 224 184
00005960.jpg 2428.389898 2428.390125 300 274 00006153.jpg 2428.390760 2428.390984 404 278 8924 290 186 228 184
00005961.jpg 2428.509906 2428.510142 296 272 00006154.jpg 2428.510786 2428.511049 400 276 9280 286 182 228 188
00005962.jpg 2428.742678 2428.742918 292 260 00006155.jpg 2428.743119 2428.743613 390 260 9840 276 160 228 200
00005963.jpg 2428.810878 2428.811082 284 252 00006156.jpg 2428.811713 2428.811900 388 256 10064 274 154 228 204
00005964.jpg 2428.872362 2428.872622 284 252 00006157.jpg 2428.873223 2428.873432 388 256 9604 274 156 228 200
00005965.jpg 2428.928229 2428.928372 282 252 00006158.jpg 2428.929053 2428.929265 386 256 10252 272 152 228 208
00005966.jpg 2429.014192 2429.014369 276 252 00006159.jpg 2429.015036 2429.015232 378 258 8100 266 168 224 180
00005967.jpg 2429.087286 2429.087967 270 250 00006160.jpg 2429.088165 2429.088441 376 256 9352 262 160 228 192
00005968.jpg 2429.173536 2429.173790 270 244 00006161.jpg 2429.174328 2429.174672 374 248 10068 258 148 232 200
00005969.jpg 2429.268666 2429.268815 268 244 00006162.jpg 2429.269466 2429.269663 372 248 8112 256 156 232 184
00005970.jpg 2429.327276 2429.327440 268 244 00006163.jpg 2429.328167 2429.328358 372 250 11408 240 144 264 212
00005971.jpg 2429.418833 2429.419028 268 250 00006164.jpg 2429.419737 2429.419976 370 256 11940 240 154 260 204
00005972.jpg 2429.637010 2429.637188 274 256 00006165.jpg 2429.637690 2429.637948 344 262 2336 262 178 164 168
00005973.jpg 2429.763568 2429.763668 240 268 00006166.jpg 2429.764695 2429.764814 336 274 11300 210 184 252 180
00005974.jpg 2429.815334 2429.815549 258 272 00006167.jpg 2429.816394 2429.816524 358 278 10148 232 192 252 172
00005975.jpg 2430.091656 2430.091866 276 266 00006168.jpg 2430.094663 2430.092626 376 272 9556 250 180 252 184
00005976.jpg 2430.233559 2430.233719 288 258 00006169.jpg 2430.234341 2430.234608 386 262 10444 262 172 248 180
00005977.jpg 2430.324392 2430.324645 294 256 00006170.jpg 2430.325281 2430.325516 394 260 10264 270 172 248 176
00005978.jpg 2430.380378 2430.380527 314 250 00006171.jpg 2430.381109 2430.381411 414 254 6356 292 176 244 156
00005979.jpg 2430.612810 2430.612976 336 284 00006172.jpg 2430.613392 2430.613628 382 288 1608 330 200 104 176
00005980.jpg 2430.710273 2430.710422 348 262 00006173.jpg 2430.711138 2430.711294 404 266 13256 260 138 288 256
00005981.jpg 2430.843012 2430.843248 340 242 00006175.jpg 2430.900165 2430.900293 498 164 7444 386 78 224 172
00005982.jpg 2430.899931 2430.900024 396 182 00006175.jpg 2430.900165 2430.900293 498 164 7444 386 78 224 172
00005983.jpg 2431.035509 2431.035622 408 134 00006176.jpg 2431.036699 2431.036806 500 132 8224 372 32 256 200
00005984.jpg 2431.088972 2431.089234 402 136 00006177.jpg 2431.089993 2431.090122 494 134 6816 380 38 228 192
00005985.jpg 2431.143268 2431.143442 406 136 00006178.jpg 2431.144195 2431.144409 494 134 5944 382 40 224 188
00005986.jpg 2431.230637 2431.230780 398 134 00006179.jpg 2431.231613 2431.231785 492 132 6276 380 38 224 188
00005987.jpg 2431.285567 2431.285805 396 134 00006180.jpg 2431.286489 2431.286680 490 132 6724 376 38 228 188
00005988.jpg 2431.349677 2431.349906 396 134 00006181.jpg 2431.350609 2431.350846 490 132 5868 378 40 224 184
00005989.jpg 2431.843492 2431.843704 358 174 00006185.jpg 2431.844182 2431.844424 450 176 7892 334 78 232 196
00005990.jpg 2431.896998 2431.897202 348 202 00006186.jpg 2431.897804 2431.898039 440 204 14872 314 76 252 256
00005991.jpg 2431.950813 2431.951025 344 212 00006187.jpg 2431.951588 2431.951848 432 216 11436 312 96 240 240
00005992.jpg 2432.034977 2432.035194 334 216 00006188.jpg 2432.035760 2432.036002 424 220 13420 300 96 248 248
00005993.jpg 2432.112617 2432.112847 326 216 00006189.jpg 2432.113495 2432.113686 414 220 10416 294 104 240 232
00005994.jpg 2432.173557 2432.173746 310 224 00006190.jpg 2432.174500 2432.174691 402 228 10036 288 110 228 236
00005995.jpg 2432.240147 2432.240323 308 232 00006191.jpg 2432.241002 2432.241228 398 236 10204 282 120 232 232
00005996.jpg 2432.322896 2432.323074 284 270 00006192.jpg 2432.323772 2432.323947 376 276 2136 300 202 152 148
00005997.jpg 2432.574117 2432.574228 296 262 00006193.jpg 2432.575339 2432.575441 386 266 6876 272 166 228 200
00005998.jpg 2432.633397 2432.633532 294 258 00006194.jpg 2432.634389 2432.634551 382 262 6720 270 164 224 196
00005999.jpg 2432.686264 2432.686462 294 260 00006195.jpg 2432.687071 2432.687334 380 264 5576 274 166 212 196
00006000.jpg 2432.757257 2432.757353 290 262 00006196.jpg 2432.758330 2432.758464 376 266 5928 274 162 204 208
00006001.jpg 2432.829996 2432.830215 288 266 00006197.jpg 2432.830918 2432.831133 374 272 5408 276 164 196 216
00006002.jpg 2432.898197 2432.898408 286 272 00006198.jpg 2432.899060 2432.899248 372 278 5184 278 168 188 220
00006003.jpg 2432.977770 2432.977949 292 272 00006199.jpg 2432.978620 2432.978866 380 278 5304 286 166 188 224
00006004.jpg 2433.033185 2433.033369 300 272 00006200.jpg 2433.033974 2433.034184 386 276 4916 294 164 184 224
00006005.jpg 2433.084065 2433.084255 304 270 00006201.jpg 2433.084666 2433.085116 392 274 5092 298 162 188 224
00006006.jpg 2433.137615 2433.137829 314 266 00006202.jpg 2433.138485 2433.138669 400 270 4864 306 162 188 216
00006007.jpg 2433.219528 2433.220059 322 262 00006203.jpg 2433.220379 2433.220589 408 266 5080 316 154 196 220
00006008.jpg 2433.274659 2433.274885 334 258 00006204.jpg 2433.275563 2433.275766 418 262 4976 322 152 192 220
00006009.jpg 2433.330091 2433.330228 338 260 00006205.jpg 2433.331054 2433.331208 422 264 4720 328 154 188 220
00006010.jpg 2433.418075 2433.418183 344 260 00006206.jpg 2433.419306 2433.419445 430 264 4780 342 156 176 216
00006011.jpg 2433.475055 2433.475131 348 262 00006207.jpg 2433.476173 2433.476363 434 266 4676 346 158 176 216
00006012.jpg 2433.530278 2433.530376 356 260 00006208.jpg 2433.531509 2433.531628 440 264 5816 340 156 200 216
00006013.jpg 2433.618800 2433.618993 370 254 00006209.jpg 2433.619990 2433.620108 452 258 6048 354 152 196 212
00006014.jpg 2433.674762 2433.674848 374 252 00006210.jpg 2433.676020 2433.676143 456 256 5688 360 150 192 212
00006015.jpg 2433.722967 2433.723033 376 252 00006211.jpg 2433.724298 2433.724404 458 254 6192 364 146 188 216
00006016.jpg 2433.772653 2433.772740 378 250 00006212.jpg 2433.773880 2433.773999 458 252 5956 366 146 184 212
00006017.jpg 2433.822673 2433.822740 380 246 00006213.jpg 2433.823767 2433.823977 460 248 4096 372 148 176 200
00006018.jpg 2434.062657 2434.062872 376 236 00006214.jpg 2434.063577 2434.063719 454 240 4936 368 136 172 208
00006019.jpg 2434.119101 2434.119304 376 236 00006215.jpg 2434.119890 2434.120132 454 240 4864 366 136 176 208
00006020.jpg 2434.204727 2434.204795 374 234 00006216.jpg 2434.205436 2434.205597 452 238 4596 368 134 168 208
00006021.jpg 2434.265676 2434.265783 370 234 00006217.jpg 2434.266564 2434.266833 448 238 4464 366 134 164 208
00006022.jpg 2434.360564 2434.360771 364 234 00006218.jpg 2434.361505 2434.361706 442 238 5304 362 128 160 220
00006023.jpg 2434.559768 2434.559878 352 224 00006219.jpg 2434.560921 2434.561028 438 228 2852 352 164 172 128
00006024.jpg 2434.613791 2434.613914 354 222 00006220.jpg 2434.614996 2434.615156 430 226 6656 356 118 148 216
00006025.jpg 2434.900807 2434.901036 346 218 00006221.jpg 2434.901264 2434.901738 420 222 6120 346 116 148 212
00006026.jpg 2434.956306 2434.956515 334 224 00006222.jpg 2434.957114 2434.957416 406 228 8768 308 122 196 212
00006027.jpg 2435.011933 2435.012125 326 220 00006223.jpg 2435.012795 2435.012972 394 224 11008 290 118 208 212
00006028.jpg 2435.104058 2435.104244 314 222 00006224.jpg 2435.104829 2435.105002 382 226 10684 276 122 212 208
00006029.jpg 2435.152025 2435.152241 316 222 00006225.jpg 2435.152944 2435.153102 382 226 10744 276 124 212 204
00006030.jpg 2435.208627 2435.208817 314 224 00006226.jpg 2435.209598 2435.209755 382 228 10172 276 126 212 204
00006031.jpg 2435.263967 2435.264245 314 224 00006227.jpg 2435.264973 2435.265132 382 228 10296 278 126 208 204
00006032.jpg 2435.562723 2435.562868 324 214 00006229.jpg 2435.563612 2435.563904 396 218 3968 330 118 132 200
00006033.jpg 2435.612736 2435.612951 332 216 00006230.jpg 2435.613628 2435.613829 402 220 3892 340 120 124 200
00006034.jpg 2435.697251 2435.697541 324 228 00006231.jpg 2435.698229 2435.698374 392 232 4520 326 130 132 204
00006035.jpg 2435.943820 2435.944011 314 236 00006232.jpg 2435.944585 2435.944759 388 240 5592 320 134 136 212
00006036.jpg 2436.306359 2436.306556 326 250 00006233.jpg 2436.307247 2436.307388 410 258 4572 346 152 128 212
00006037.jpg 2436.611855 2436.612094 356 276 00006234.jpg 2436.612731 2436.612896 442 280 4004 372 172 140 216
00006038.jpg 2436.925932 2436.926131 362 278 00006235.jpg 2436.926697 2436.926931 450 284 3792 378 176 144 216
00006039.jpg 2437.029591 2437.029743 366 292 00006236.jpg 2437.030466 2437.030652 456 296 6824 364 190 184 212
00006040.jpg 2437.088779 2437.088951 368 294 00006237.jpg 2437.089653 2437.089807 460 298 6496 366 192 188 212
00006041.jpg 2437.140637 2437.140800 372 286 00006238.jpg 2437.141512 2437.141721 466 290 5684 370 190 192 200
00006042.jpg 2437.196167 2437.196374 372 292 00006239.jpg 2437.196821 2437.196978 464 296 9808 358 174 212 244
00006043.jpg 2437.273700 2437.273924 376 290 00006240.jpg 2437.274581 2437.274774 472 294 3984 388 210 168 168
00006044.jpg 2437.355707 2437.355910 370 304 00006241.jpg 2437.356435 2437.356741 462 308 10320 344 190 236 236
00006045.jpg 2437.458057 2437.458251 360 320 00006242.jpg 2437.458913 2437.459187 450 324 9660 326 214 248 220
00006046.jpg 2437.508742 2437.508978 358 322 00006243.jpg 2437.509623 2437.509819 448 326 9412 326 220 244 212
00006047.jpg 2437.883191 2437.883415 312 324 00006244.jpg 2437.883943 2437.884202 402 328 5220 274 246 256 164
00006048.jpg 2437.954480 2437.954724 286 326 00006245.jpg 2437.955289 2437.955486 382 332 2528 304 266 156 132
00006049.jpg 2438.047334 2438.047560 260 324 00006246.jpg 2438.048163 2438.048346 356 330 2300 284 266 144 128
00006050.jpg 2438.104088 2438.104290 254 322 00006247.jpg 2438.104906 2438.105164 350 328 2416 278 264 144 128
00006051.jpg 2438.158351 2438.158584 258 316 00006248.jpg 2438.159100 2438.159472 356 322 2348 270 252 172 140
00006052.jpg 2438.237770 2438.237922 258 312 00006249.jpg 2438.238578 2438.238742 356 318 2720 270 250 172 136
00006053.jpg 2438.304963 2438.305128 234 308 00006250.jpg 2438.305779 2438.305973 332 314 2060 258 252 148 124
00006054.jpg 2438.358336 2438.358522 222 306 00006251.jpg 2438.359035 2438.359243 322 312 3272 240 246 164 132
00006055.jpg 2438.409083 2438.409261 218 306 00006252.jpg 2438.409816 2438.410022 316 312 2660 230 248 172 128
00006056.jpg 2438.669760 2438.669938 228 294 00006253.jpg 2438.670540 2438.670752 336 298 5476 204 216 264 164
00006057.jpg 2438.720765 2438.720994 234 292 00006254.jpg 2438.721359 2438.721524 334 294 3120 226 222 216 144
00006058.jpg 2439.003530 2439.003766 272 314 00006255.jpg 2439.004366 2439.004530 412 324 1300 342 266 140 116
00006059.jpg 2439.106135 2439.106324 298 314 00006256.jpg 2439.106991 2439.107236 404 320 6592 262 236 284 168
00006060.jpg 2439.416599 2439.416772 272 302 00006257.jpg 2439.417365 2439.417597 364 322 1236 306 252 116 140
00006061.jpg 2439.791293 2439.791408 284 276 00006259.jpg 2439.792459 2439.792556 394 294 4632 254 174 256 216
00006062.jpg 2439.839160 2439.839377 272 264 00006260.jpg 2439.876215 2439.876502 394 296 3036 270 170 208 204
00006063.jpg 2439.875430 2439.875649 280 266 00006260.jpg 2439.876215 2439.876502 394 296 3036 270 170 208 204
00006064.jpg 2440.184497 2440.184753 264 302 00006262.jpg 2440.185250 2440.185459 356 310 4164 264 226 184 168
00006065.jpg 2440.589712 2440.589902 212 300 00006264.jpg 2440.590517 2440.590712 320 306 4144 228 222 184 168
00006066.jpg 2440.641725 2440.641926 200 298 00006264.jpg 2440.590517 2440.590712 320 306 4144 228 222 184 168
00006067.jpg 2440.712672 2440.712921 206 298 00006264.jpg 2440.590517 2440.590712 320 306 4144 228 222 184 168
00006068.jpg 2440.753078 2440.753242 212 298 00006265.jpg 2440.876287 2440.876522 316 304 2852 0 0 0 0
00006069.jpg 2440.803693 2440.803916 216 294 00006265.jpg 2440.876287 2440.876522 316 304 2852 0 0 0 0
00006070.jpg 2440.875450 2440.875641 198 276 00006265.jpg 2440.876287 2440.876522 316 304 2852 0 0 0 0
00006071.jpg 2440.955605 2440.955789 212 284 00006266.jpg 2440.956402 2440.956603 320 290 2824 230 222 180 136
00006072.jpg 2441.029277 2441.029389 214 288 00006267.jpg 2441.030432 2441.030553 322 294 1796 246 234 152 120
00006073.jpg 2441.233823 2441.234003 262 250 00006268.jpg 2441.234667 2441.234902 362 256 2240 284 192 156 128
00006074.jpg 2441.287749 2441.287965 262 240 00006269.jpg 2441.288629 2441.288838 364 246 1556 292 184 144 124
00006075.jpg 2441.384194 2441.384409 326 240 00006270.jpg 2441.384859 2441.385060 358 244 6132 236 128 244 232
00006076.jpg 2441.443757 2441.443969 238 240 00006271.jpg 2441.444636 2441.444858 340 246 6224 228 132 224 228
00006077.jpg 2441.527739 2441.527976 230 240 00006272.jpg 2441.528646 2441.528812 332 246 6784 226 124 212 244
00006078.jpg 2442.110263 2442.110487 178 196 00006273.jpg 2442.111026 2442.111247 250 198 2560 192 98 116 200
00006079.jpg 2442.192438 2442.192621 140 190 00006274.jpg 2442.193255 2442.193434 242 196 2460 184 98 116 196
00006080.jpg 2442.246639 2442.246849 134 190 00006275.jpg 2442.247497 2442.247680 236 196 2816 176 98 120 196
